30 40
0 82 0 0 0 0 90 0 0 0 0 26 0 0 0 0 0 0 0 0 27 0 0 0 0 0 54 35 0 102 36 6 0 0 0 0 0 0 15 0
129 0 0 95 0 0 0 0 0 113 0 58 0 64 0 106 0 68 0 0 0 0 0 0 0 34 0 0 110 109 0 0 0 0 0 0 0 53 0 0
0 25 0 20 119 0 0 0 0 0 64 0 116 129 0 0 0 1 0 0 0 0 0 0 115 0 53 0 0 0 0 0 0 0 0 0 0 0 0 0
0 0 0 0 0 91 0 61 56 0 0 0 0 0 0 0 0 0 135 0 71 52 0 0 0 22 0 0 0 0 0 0 0 0 0 37 0 0 119 0
0 0 0 0 0 0 0 0 0 0 0 6 0 0 0 56 27 0 0 0 0 0 0 0 0 53 0 23 0 0 0 0 0 104 20 0 0 0 138 0
35 0 0 0 115 0 0 0 0 78 0 0 0 0 0 61 0 0 0 0 0 0 0 95 0 0 0 0 0 0 0 0 0 0 50 84 72 28 0 0
0 0 0 7 0 0 100 81 0 0 0 0 8 0 0 0 0 0 0 0 0 0 0 63 0 0 23 25 0 0 0 0 0 0 138 0 0 0 0 60
0 57 0 115 0 0 0 0 98 102 0 0 0 108 0 0 0 0 0 0 0 0 0 0 7 7 0 76 0 0 0 0 0 0 0 0 0 0 0 0
0 0 0 0 0 0 139 0 0 0 0 0 96 0 139 0 54 0 92 0 0 0 0 0 111 0 0 123 44 117 0 0 0 67 0 0 0 0 23 23
28 0 0 0 116 0 0 0 13 139 0 0 61 0 0 0 0 0 0 0 20 0 0 0 0 96 0 0 137 0 0 0 0 0 95 0 0 0 0 0
0 0 0 0 0 0 0 133 0 0 0 0 0 0 0 0 0 0 0 0 0 0 0 0 131 0 0 70 0 52 119 0 0 44 0 0 79 0 0 0
0 0 0 0 24 0 75 70 0 126 0 0 0 0 0 0 0 0 0 0 0 0 0 39 0 0 0 134 87 0 0 0 0 0 0 0 0 0 0 0
0 0 0 0 1 0 72 0 0 0 0 47 0 0 0 0 0 0 122 46 0 6 0 98 0 0 0 31 85 0 0 0 0 0 0 0 0 0 0 110
0 0 0 0 0 0 0 38 0 16 61 0 15 0 0 0 0 0 0 0 0 0 0 0 124 0 0 23 0 0 135 0 0 0 0 114 0 138 0 0
0 0 0 0 105 0 0 85 0 0 0 0 114 0 0 15 47 0 0 0 0 0 0 0 0 0 0 0 0 0 0 0 0 0 0 0 0 0 0 0
0 0 0 0 59 82 0 71 0 70 0 41 0 0 0 0 0 17 0 0 0 0 1 0 0 0 0 0 0 0 0 0 0 0 9 0 0 0 0 0
0 0 0 136 0 0 0 0 0 0 0 0 40 0 0 0 0 81 103 0 0 0 0 13 0 0 0 0 0 0 0 0 0 0 0 0 0 0 0 10
0 0 0 0 0 6 129 0 0 0 0 0 0 105 0 34 0 0 0 0 0 0 126 0 66 0 0 0 0 0 0 0 122 0 135 0 0 0 0 0
0 0 0 0 0 101 0 0 0 0 0 0 0 0 0 0 25 0 0 0 0 0 0 0 0 0 0 0 0 101 0 0 0 0 20 0 74 89 0 0
0 0 0 70 0 0 0 0 0 0 0 0 0 0 0 0 0 0 70 0 0 0 107 0 0 0 0 2 112 0 0 106 0 0 0 0 0 0 0 0
0 0 91 0 0 0 0 0 0 0 0 0 0 0 0 0 0 0 0 0 94 0 0 0 0 0 0 0 0 5 0 0 29 0 0 0 0 0 0 0
0 14 0 0 0 0 0 89 0 0 0 0 0 0 20 129 43 0 139 0 0 0 0 0 0 0 110 0 0 0 0 0 0 0 0 0 0 0 0 0
17 85 134 0 0 97 0 44 0 0 0 0 0 0 0 0 0 0 40 0 0 0 0 0 0 0 0 0 0 110 0 58 36 0 0 0 0 0 0 0
0 0 0 0 0 0 0 0 0 0 0 0 0 0 0 0 0 139 0 58 0 0 124 0 0 126 43 0 0 0 106 0 0 0 0 91 0 27 93 0
52 0 48 0 0 0 0 0 0 0 0 0 0 0 0 0 0 0 0 0 0 0 0 0 0 0 80 0 116 0 0 0 134 57 0 0 0 0 0 0
100 0 0 0 0 46 0 0 0 0 0 0 84 15 107 136 0 0 0 80 0 0 0 0 0 0 0 0 0 0 0 0 0 0 0 23 0 0 0 0
0 100 0 33 0 0 95 0 40 69 0 16 0 0 0 0 0 0 0 0 0 0 0 0 61 0 0 63 0 0 0 0 0 0 0 112 133 78 0 0
0 0 0 0 0 0 47 0 0 0 120 0 0 0 0 89 0 0 55 87 25 0 0 0 0 0 0 24 0 0 0 14 0 0 0 0 0 95 0 0
0 98 0 0 0 40 0 0 0 1 0 0 0 0 0 0 0 0 0 0 0 0 0 0 0 0 0 0 18 0 0 0 0 0 0 128 0 21 0 0
0 0 73 0 105 13 57 0 0 0 0 0 0 0 0 70 99 0 113 74 0 0 0 0 0 0 95 0 89 0 0 0 0 59 0 0 0 0 0 0
